-0.0444388799,0.0237575844,-0.0419979244,0.0176104102,-0.0034328036,-0.0464160442,-0.0045816037,0.0455868058,-0.0591072254,0.0103747891
0.0514478199,0.0608040579,-0.0247119050,0.0006148723,-0.0493014790,-0.0841599628,0.0046902420,0.0274359621,0.0035969778,-0.0009124039
-0.0399855375,-0.0636351407,0.0292139929,-0.0467293225,0.0517904162,0.0016053069,0.0355527662,0.0445849150,-0.0049486454,0.0563400276
0.0306405649,0.0640219450,-0.0158566516,-0.0372347534,0.0052014599,-0.0215537511,0.0415481292,-0.0373356827,-0.0174749922,-0.0350547545
-0.0320541225,-0.0844569877,0.0463681333,-0.0324976668,0.0407907628,-0.0029671374,-0.0416198820,0.0539477505,-0.0081536081,-0.0273460820
0.0759495273,-0.0947790518,-0.0397552624,0.0196880754,0.0754167140,-0.0231487099,0.0339377448,-0.0408829190,-0.0421941318,0.0715258792
-0.1095720381,-0.0129118208,-0.0248803459,-0.0137238856,0.0018135051,0.0219436008,0.0210550148,0.0307693761,0.0011963175,-0.0119561944
0.0014805315,-0.0338863358,-0.0258566961,0.0542514734,-0.0279791933,0.0119708506,-0.0482046716,0.0597563535,-0.0104650902,0.0472731665
-0.0609615818,-0.0397959687,0.0349445492,-0.0465977453,-0.0029989558,-0.0324619152,-0.0626156256,0.0187153034,-0.0034388597,0.0296735596
-0.0270994864,0.0594486371,0.0166501515,0.0054016509,0.0158421025,0.0355858319,0.0472254790,0.0585882589,0.0168728456,-0.0288080741
0.0804006532,-0.0569163188,0.0020443683,0.0354948640,0.0274768379,-0.0454725400,0.0259968061,-0.0037149836,0.0092325890,-0.0614179932
-0.1319647580,-0.0663349852,-0.0439792052,0.0368675441,0.0375567414,0.0338022746,-0.0245953854,-0.0374094211,-0.0003461467,0.0435329191
0.0876753554,0.0369623601,-0.0083079441,0.0052530323,-0.0640285313,-0.0620041192,0.0016290363,0.0022844120,0.0409962349,0.0037248505
-0.0114159640,0.0547600389,0.0463054739,-0.0110613285,0.0143347718,-0.0061618979,0.0059007737,0.0635057017,-0.0238050967,0.0230810530
-0.0392798260,0.0103141470,0.0174611229,0.0127327740,-0.0534732416,-0.0634307638,0.0174880549,0.0060137999,-0.0073125442,-0.0726325586
-0.0950392932,0.0001514782,-0.0277029928,0.0526216403,-0.0074021071,0.0226648804,-0.0003738688,0.0273232572,0.0007699248,-0.0224383567
-0.0625135899,0.0090928916,-0.0053353342,-0.0736152977,0.0207548756,0.0031528575,0.0089040380,0.0055733696,0.0730741993,-0.0120014902
0.0109609328,0.0157117955,-0.0261281468,-0.0101239160,-0.0123578049,-0.0034961707,-0.0217607412,-0.1047988981,0.0003605376,-0.0587433502
-0.0750853717,-0.0441094376,0.0127054574,0.0271441117,0.0159646608,-0.0023174682,-0.1265169680,0.0492067151,-0.0200113449,-0.0256049484
0.0378046669,0.0573774874,-0.0725464672,-0.0325713605,-0.0234143045,0.0227000602,0.0344043486,0.0212163404,0.0133070052,-0.0512221530
0.0080244681,-0.0975586772,-0.0458812341,0.0502525568,-0.0115857450,0.0493232645,0.0365725793,-0.0632477179,0.0008342830,-0.0115153501
0.0221861247,-0.0444491580,0.0831326768,-0.0016254041,-0.0131015480,-0.0236978922,0.0111096464,0.0541627854,-0.0463220999,-0.0458926335
0.0029389339,-0.0332392715,-0.0144672673,-0.0189988595,-0.0911140665,0.0316619538,0.0297875963,-0.1018474773,0.0356997326,-0.0117847640
-0.0361499377,0.0671786889,0.0597416237,0.0537942089,-0.0137580987,-0.0329428315,-0.0092413109,0.0540685095,-0.0078111375,-0.0310433507
-0.0242434721,-0.0328843482,-0.0305726584,0.0446784124,-0.1273756474,0.0178686697,0.0335978419,-0.0436709635,0.0531914607,-0.0570976399
-0.0330885202,0.0385706387,-0.0167189334,0.0248356499,0.0674652159,0.0139764901,-0.0378623642,0.0360223688,-0.0003215170,0.0692602098
-0.0601332299,0.0178054199,0.0462332182,0.0182488188,-0.0205378719,-0.0268988572,-0.0052311644,0.0372631736,0.0210527275,-0.0457960665
0.0113431923,-0.0587393716,0.0204887465,0.0189125538,0.0391031243,-0.0289025605,-0.1000581533,0.0128468368,-0.0115844905,0.0034445196
-0.0497438498,-0.0478202477,0.0160052087,-0.0258287247,0.0511189438,0.0189067367,0.0055116192,0.0431738049,-0.0769463927,0.0400928594
0.0330926292,-0.0665153936,0.0327511355,-0.0318866186,-0.0044094464,-0.0062725875,0.0465738922,-0.0777507126,-0.0213291515,-0.0408597402
0.0374136157,-0.0092398431,0.0364786647,0.0499350876,-0.0207993947,0.0285045840,0.0478122346,-0.0215867329,0.0075375591,-0.0638774037
0.0060429610,0.0142461378,0.0385974869,0.0302829202,0.0428117365,0.0552036054,-0.0291842539,0.0206835270,0.0185975600,-0.0518272407
0.0569621697,-0.1846952736,-0.0110870730,-0.0353628583,0.0200336035,-0.0537678339,0.0527429022,-0.0864091963,-0.0463342741,0.0196404364
-0.0373570882,0.0418545268,0.0041113095,0.0385497138,-0.0169044491,-0.0123150256,-0.0091442270,-0.0556287542,-0.0227339454,-0.1181939617
0.0683873072,0.0092139849,-0.0015129278,-0.0155144585,-0.0109803500,0.0512438715,0.0556329079,-0.0415211543,0.0083411597,-0.0113580385
-0.0835352391,-0.0598872714,-0.0157821998,-0.0098288190,-0.0118934466,0.0623355620,0.0846729204,-0.0994379818,0.0554498322,0.0630310997
0.0057488703,0.0084006181,-0.0151086710,0.0334286317,0.0106031941,-0.0415429249,-0.0137686357,0.0310898740,-0.0342102908,-0.0222797170
0.0434974208,-0.0315954722,0.0065525174,-0.0106854783,0.0433027893,-0.0099884868,0.0485631265,-0.0241687559,-0.0525425971,-0.0101015475
0.0522610284,0.0093923640,0.0611056387,-0.0412330180,0.0115286829,0.0261772871,-0.0076034199,0.0511776693,-0.0666887686,-0.0006074294
0.0220674369,-0.1060903445,-0.0148507236,0.0409897342,-0.0468949154,0.0193702038,0.0217002276,-0.0792859048,-0.0015336238,-0.0749971867
0.0317037813,-0.1661051810,0.0269160196,-0.0543254092,0.0190149285,0.0072025536,0.0515081584,-0.0167618897,-0.0412490293,0.0719877854
0.0259713717,0.0188274644,0.0062784934,-0.0623394735,0.0384121276,-0.0362663120,0.0002747524,-0.0562577434,0.0231991634,-0.0120942732
-0.1335024089,0.0070171030,-0.0238692686,-0.0293152090,0.0727649033,-0.0030067612,-0.0927385911,-0.0537229888,0.0798597336,0.0465761684
-0.0329962000,-0.0500214659,0.0410709865,0.0236980282,-0.0112694483,-0.0152110420,-0.0643154979,-0.0211319774,-0.0418558419,-0.0446179472
-0.1055838317,0.0758672580,-0.1092822999,-0.0893625319,-0.0178486500,-0.0774222314,0.0975871161,-0.1192284077,0.0239982158,0.0078346990
0.0229226928,-0.0702345967,-0.0001992668,-0.0361613892,0.0480170399,-0.0100406837,-0.0343272835,-0.0344805829,0.0260225181,0.0067951228
0.0452497341,-0.1384834349,0.0326474234,0.0096620638,0.0409048311,-0.0314136595,-0.0464703925,-0.0382691063,-0.0068026991,0.0340625606
-0.0832664967,0.0076630977,-0.0230845585,-0.0387196317,0.0329056531,-0.0278405119,-0.0767504349,0.0310171433,-0.0219785552,0.0331466869
-0.0198763553,0.0188859422,-0.0430878028,0.0303533152,-0.0293594692,-0.0821944103,-0.0350912511,0.0186900385,-0.0062516248,-0.0001527296
-0.0702369958,0.0075281514,0.0590234399,0.0189455505,0.0550079495,-0.1192019656,-0.0362283848,0.0601153113,-0.0064726649,0.0041479017
0.0338898860,-0.0674535707,0.0322808959,-0.0486717448,-0.0514134355,0.0421533547,-0.0116313333,0.0089004543,0.0140437651,0.0106024034
-0.0172258168,-0.0591650940,-0.0415350124,-0.0324804261,0.0275146049,0.0697736666,0.0464984737,0.0460336134,0.0457941405,0.0480817929
-0.0150903584,0.0306989588,0.0181830917,0.0650932789,-0.0741852671,0.0069387108,0.0170742273,0.0539540984,0.0159155894,-0.0478277132
-0.0971408710,-0.0043035862,0.0045917975,0.0087169381,-0.0322405994,-0.0752405077,-0.0992368832,0.0141461818,0.0565542318,0.0383274816
-0.0147301462,0.0500741228,-0.0082592359,0.0518404618,0.0365504995,0.0331006460,-0.0841036290,-0.0363649130,0.0036838963,-0.0053788787
0.0481931940,-0.0319944844,0.0436109789,0.0556329414,-0.0449416675,-0.0615370795,-0.0825165212,0.0252830517,0.0234587211,0.0221529938
-0.0168792717,-0.0484934337,0.0426846072,0.0055969581,0.0737126470,-0.0459641665,-0.0416562967,-0.0230712164,0.0583970025,-0.0032188538
-0.1431003362,-0.0352117047,-0.0197245292,0.0341024995,0.0296298005,0.0544071198,-0.0548533425,0.0065547479,-0.0319224708,0.0386314541
0.0319084823,-0.0802324861,-0.0430838093,-0.0533045903,-0.0413398333,-0.0068945619,0.0014164081,0.0097187301,-0.0461930297,0.0328792296
-0.0954063758,0.0439806134,0.0591000952,-0.0126022752,-0.1049478427,-0.0018681992,-0.0768183693,-0.0406743139,0.0286871977,-0.0688352808
0.0215859953,-0.2811755836,-0.0158766657,-0.0270424560,-0.0308710057,0.0174673479,0.0584849492,-0.0015659144,-0.0525531843,0.0330499820
0.0611682869,-0.0110030798,-0.0609292723,-0.0695977435,-0.0125801805,0.0337930396,0.0198764540,0.0052098176,0.0424977466,0.0439035147
0.0494422987,-0.0105816685,0.0128047168,-0.0719190165,0.0616355389,0.0437969603,0.0513484068,0.0314106457,0.0120664285,0.0334077291
-0.0714153722,-0.0073088491,-0.0309594218,0.0465238355,0.0357813872,0.0390247628,0.0069217449,-0.0069810003,-0.0162998624,0.0679230765
0.0073665720,-0.0457060114,-0.0541247986,0.0530564412,-0.0585829094,0.0266063102,-0.0410835780,-0.0312488340,0.0294541828,-0.0134747298
0.0069098310,-0.0750745311,0.0389750600,0.0404575914,-0.0120683424,0.0396080650,-0.0325572565,-0.0313573778,-0.0410212837,0.0437075533
-0.0475849584,-0.0202286672,-0.0064323395,0.0146994237,-0.0090928013,-0.0730371103,-0.0297802929,-0.0890193284,0.0662611797,0.0306669213
-0.0269091334,-0.0491210856,0.0349237733,-0.0251246952,0.0289200004,-0.0453874543,-0.0565563142,-0.0274865441,0.0574557371,0.0231870580
0.0221340284,-0.0359548777,0.0363261327,-0.0257111210,-0.0065633534,-0.0284787938,-0.0219107103,-0.0190227665,0.0070941690,-0.0146435564
-0.0309653934,0.0325558223,0.0178796258,0.0150512913,0.0553387552,0.0450420007,0.0382716022,-0.0674560368,0.0473413542,-0.0031726477
0.0780166835,0.0083249994,0.0035900401,0.0091347257,-0.0342538692,-0.0047803437,-0.0340736322,0.0248168912,0.0092208749,0.0030704795
-0.0518163554,-0.0464982316,0.0045433654,0.0536991358,0.0121385567,0.0721735507,-0.0014202641,-0.0158834700,0.0402838401,0.0558431000
-0.0728988722,-0.0804606229,0.0200276263,-0.0021356312,-0.0256451778,0.0161674134,0.0201931410,-0.0009603425,0.0195806734,-0.0799134299
-0.0165853277,0.0338171870,0.0726877302,0.0005830364,-0.0212953072,0.0122078406,0.0451483652,0.0264881980,-0.0442350358,-0.0205943584
0.0710148513,-0.0284925364,-0.0132430876,-0.0017025007,-0.0236099120,0.0589776039,0.0184407122,-0.0789908618,0.0196363274,-0.0596653894
-0.0211915802,0.0462389998,0.0141925029,0.0090600625,0.0340047814,0.0086600045,0.0338842459,-0.1326972693,0.0184088051,-0.0053823683
-0.0089656543,-0.0721770972,-0.0520339943,0.0081190113,0.0146955540,0.0100362180,0.0364931300,-0.0631139651,-0.0273266863,0.0284731630
-0.0238561835,-0.0872629657,-0.0672672987,-0.0236388873,0.0420672074,0.0263374299,-0.0028193593,-0.0265060030,-0.0045119054,-0.0346602090
0.0102363918,-0.0128872273,0.0668845549,0.0120633869,0.0220205262,0.0278439466,0.0011511387,-0.0933113620,-0.0285923667,0.0549382903
0.0064472160,-0.0609943867,-0.0030031165,0.0692513660,-0.0187877398,0.0154774673,-0.1073370427,0.0201641005,-0.0378686711,0.0057971212
0.0519687012,0.0402660333,0.0084125800,-0.0144913029,-0.0304174833,-0.0102859382,0.0218742583,-0.0157656055,0.0102882860,-0.0864692554
0.0072674300,0.0082696583,-0.0643113181,-0.0663944557,-0.0152041977,0.0148706101,-0.0936714783,-0.0134893833,-0.0174544565,-0.0175853372
-0.1028659195,-0.0523333512,0.0044331462,0.0237410441,-0.0162442997,-0.0149246883,-0.0902909338,0.0413861126,0.0512703918,-0.0400948524
0.0086291907,-0.0301050395,-0.0445466600,-0.0314732268,0.0394195616,0.0689266473,0.0388492830,-0.1115394384,0.0345527269,0.0241653379
-0.0616687983,0.0481017418,0.0156346112,-0.0346919820,0.0306812953,-0.1174452007,-0.0074011968,0.0373851173,0.0454002246,0.0492607541
0.0520286299,-0.1124590114,-0.0039146529,-0.0399491116,0.0467814691,-0.0467646830,0.0541776381,-0.0744126588,-0.0606278554,0.0368168689
-0.0829476193,-0.0387397110,-0.0467905551,-0.0420022532,-0.0274502262,0.0324892178,0.0329338126,-0.0227905195,0.0093673449,-0.0162264872
0.0094533423,0.0047214469,0.0527068228,0.0223682579,-0.0467536226,-0.0599779151,-0.0949800313,0.0190387443,0.0212897640,0.0366679765
-0.1106168106,0.0319973454,-0.1043436229,0.0228165928,0.0651717633,0.0200918447,-0.0705807656,0.0122497287,0.0027543972,0.0374975652
0.0520956852,-0.0407638960,0.0223698430,-0.0358789712,0.0320712812,0.0469061546,0.0128580639,0.0568585210,-0.0526648648,0.0315142386
0.0026987451,0.0447101630,-0.0747777820,0.0191486683,0.0003973912,-0.0273481812,-0.1204904094,0.0121133728,0.0125425030,0.0519937277
0.0891000852,-0.1479606181,-0.0998683050,-0.0144177219,0.0337813050,0.0159722883,0.0906601846,-0.0260214973,-0.0046156039,-0.0125473579
-0.0244386811,0.0018021616,0.0608162694,0.0124575580,-0.0154609801,-0.0311327260,-0.0260406267,0.0025785237,0.0485477895,-0.0604008920
0.0504405685,0.0073486641,-0.0460378304,-0.0318672247,-0.0668112114,-0.0254956596,-0.0445051529,0.0213024300,0.0019401902,0.0464414284
-0.0810826719,0.0179095250,-0.0744256750,-0.0664882213,0.0341521278,-0.1119499803,-0.0500115156,-0.0678891242,-0.0386717580,0.0283405483
0.0662116632,-0.0447782613,-0.0334441960,-0.0265673231,0.0168627705,-0.0344074033,0.0127855930,-0.0106115025,0.0032713539,0.0516097210
-0.0601788647,0.0543982573,-0.0229826812,-0.0255663730,0.0427413434,-0.0881436095,0.0176399965,0.0399676599,-0.0341008157,0.0400273539
0.0401487835,-0.0374652147,0.0157907810,-0.0442510918,-0.0352407061,-0.0495197289,0.0067265606,-0.0712400228,0.0207706485,-0.0546870157
-0.0043603871,-0.0162853543,0.0160589665,-0.0299409181,0.0309881158,0.0178977661,-0.0504651889,0.0458535142,-0.0189325493,0.0432965644
-0.0029526295,-0.0270805657,-0.0980363116,0.0446676910,-0.0162235871,0.0384423099,0.0266155880,0.0358412601,0.0532000624,-0.0545391366
-0.0115419049,0.0660427809,-0.0108161159,-0.0533445068,-0.0152110355,-0.0637269989,-0.0043925690,-0.0416310392,0.0371422321,-0.0206227601
-0.0580969043,0.0449790955,0.0167744514,0.0189279839,0.0039400002,0.0326738805,0.0550734848,-0.0001106877,0.0529406853,-0.0595639944
-0.0579325706,-0.0654673725,-0.0354869142,0.0141503559,-0.0701493919,-0.0051960107,-0.0292177983,-0.0141222794,0.0119548319,0.0213907678
-0.0263741501,0.0042607766,0.0592126586,0.0500738770,-0.0106703052,0.0097554242,-0.0509895198,0.0484765023,0.0478051379,-0.0217064302
-0.0134213828,0.0078806840,-0.0517845452,0.0596284978,-0.1093911156,0.0237749703,0.0080055362,-0.0183883645,0.0480912812,-0.0361934677
-0.0657818094,0.0780555904,0.0061925114,-0.0303769168,0.0548279919,-0.0819000676,-0.0705299601,0.0576914027,0.0146178706,0.0590814389
0.0644024163,0.0482893959,-0.0308904443,-0.0186278969,-0.0051411828,-0.0054884981,0.0599599294,-0.0718094260,0.0291783307,-0.0416559912
0.0345161594,-0.0798673779,-0.0123206414,0.0094074002,-0.0359760560,0.0352449939,0.0045439056,-0.0490216017,0.0098839784,-0.0061679585
0.0475056320,-0.0626246184,-0.0238115359,-0.0359432735,0.0647722185,-0.0215652362,-0.0082988553,-0.0210559499,0.0462953039,0.0259148143
0.0008220628,-0.1478875726,-0.0714705586,0.0239719395,-0.0457557924,-0.0094305500,-0.1160689443,-0.0314750448,-0.0081642168,-0.0027239688
-0.0587669648,0.0253223907,-0.0392393023,-0.0355453901,0.0402406454,0.0174050182,-0.0480176955,0.0562261343,-0.0235732812,0.0409778766
-0.0113423523,-0.0556196421,-0.0410074964,0.0378178805,-0.0396038592,-0.0259670466,-0.0491348803,-0.0828811675,-0.0315985382,-0.0059395968
-0.0192314535,-0.0205264315,-0.0202281624,0.0529841818,0.0199694000,0.0179145299,-0.0256220531,-0.0363139287,0.0663714260,0.0410616659
-0.0046353829,-0.0393517874,0.0555375814,0.0211470779,0.0232329946,0.0371268541,-0.0013612170,-0.0283154454,-0.0763216838,-0.0136462376
-0.0509320647,-0.0125478245,0.0150091155,-0.0094376486,-0.0786214620,0.0021074370,-0.0738611892,0.0351201743,0.0005320616,0.0049739210
0.0340368226,-0.1625236720,-0.0174057838,-0.1098338366,0.0233578701,-0.0166274011,0.0442936569,-0.0707562193,-0.0308077689,0.0163621064
-0.0298469700,-0.0035285051,0.0686697066,-0.0395779535,-0.0411963165,-0.0488725118,-0.0972714871,0.0134083033,-0.0009274258,-0.0899670944
-0.0260511860,-0.0364274159,0.0401719213,0.0245530866,-0.0559132844,0.0163272563,0.0501844063,-0.0200152565,0.0389827788,-0.0750523359
0.0653773770,0.0770422742,-0.0437243395,-0.0631817058,0.0131837465,-0.0357450470,-0.0499530919,0.0250716470,0.0593949594,0.0092915446
-0.1241207346,0.0079941377,0.0195013490,0.0164975282,-0.0439741984,-0.0772094503,-0.0667313561,-0.0037362112,0.0361522362,0.0153159797
-0.0439636633,-0.0113134021,0.0172414146,-0.0770805404,0.0105188210,-0.0381791331,-0.0433760695,0.0095848814,-0.0602817871,-0.0198483970
-0.1181953922,-0.0035891114,-0.0279562026,0.0498474576,-0.1286555827,-0.0183211342,-0.1130343303,-0.0769213960,-0.0426843353,-0.0430540591
0.0109779295,-0.1307542920,0.0123661757,-0.0299455225,-0.0178701561,0.0208404455,-0.0378409475,-0.0187206194,0.0388389565,0.0294910800
0.0557062626,0.0493841730,0.0058926074,-0.0205333456,-0.0527285673,0.0028374786,-0.0104439678,0.0544163436,0.0058818725,-0.0466948003
0.0459461138,-0.0615835227,-0.0103359763,0.0099467924,0.0364795513,0.0241721887,0.0508379266,-0.0595751517,-0.0320904888,0.0473798700
-0.0662806407,0.0104298228,-0.0428972542,-0.0636191443,0.0392211527,0.0216047335,0.0371946208,-0.0432380326,0.0208276287,0.0200864282
-0.0252991877,0.0231548231,0.0449790247,0.0381059535,-0.0511273295,-0.0581322126,-0.1462716013,0.0408052355,-0.0300807934,0.0000265338
-0.0907226056,-0.0201633051,0.0276436303,0.0443405919,-0.0533326603,-0.0920571089,-0.0752964169,0.0559531786,0.0552199297,0.0152002517
-0.0983696729,0.0554306544,0.0146143576,0.0593472868,-0.0690229908,0.0531758629,-0.0419874899,-0.0384587497,0.0354926139,-0.0219340902
0.0035747413,-0.0658666864,0.0295377206,-0.0352305435,0.0407751091,-0.0088316826,-0.0692658946,-0.0113313720,0.0708009824,0.0581196658
-0.0038562953,-0.0193347149,-0.0525496006,0.0054393760,-0.0087234424,0.0517719835,0.0372737236,-0.0881725326,0.0649575591,-0.0024282215
0.0733162239,0.0417798497,-0.0281261150,0.0023026215,0.0318206027,-0.0483800583,0.0599092059,-0.0178611316,0.0015727021,0.0475984290
-0.0376248918,-0.0972161442,-0.0937781930,0.0220605135,-0.0232650358,0.0300642066,-0.0048531350,-0.0303311404,0.0282689966,0.0395129509
-0.0522910245,0.0441000499,0.0260298122,-0.0098809479,0.0415525548,0.0292844810,0.0461534262,-0.0192902386,-0.0128677469,-0.0146060847
-0.0233999714,-0.1031879410,0.0044165179,0.0117132533,-0.0279796291,0.0310424231,-0.1513313502,0.0550279245,-0.0136334812,0.0336870439
-0.0665096417,-0.0676377639,-0.0230616201,0.0525407977,-0.0139063979,-0.0251635890,-0.1208819896,0.0417241976,0.0193418302,-0.0012696814
-0.1016988680,0.0089537548,-0.0378437340,0.0477081798,-0.0095917173,0.0023263458,-0.1839508116,0.0105066346,0.0089885136,0.0300495625
-0.0333195031,0.0392125547,-0.0574810319,-0.0372539721,0.0418366492,-0.0510678105,-0.0317792445,-0.0018356710,-0.0041349134,0.0393081494
-0.0508656390,0.0557466075,0.0081947865,0.0608766004,-0.0620963462,0.0715043470,-0.0531246960,0.0017944649,0.0151462164,0.0429789424
-0.0354390070,-0.0271950997,-0.0594960265,-0.0582204908,0.0281495601,0.0485251993,0.0246183425,-0.0076197921,0.0117898397,-0.0760776922
-0.0010747905,-0.1687687039,-0.0532886125,-0.0205193814,0.0006011818,0.0248573869,-0.0008529124,0.0123001067,-0.0334246457,-0.0339038409
-0.1881896406,-0.0428575426,-0.0108127110,0.0308146700,-0.0101417983,-0.0234961845,-0.0659232214,0.0451810993,-0.0104471380,-0.0281037185
0.0313572921,-0.0317332707,-0.0782805160,-0.0401898213,-0.0263111666,0.0038166912,0.0537428930,-0.0406926312,-0.0258302614,0.0469871871
0.0012833752,0.0476989374,-0.0395844355,-0.0239373036,-0.0153382095,-0.0807952955,-0.1159323379,0.0420266986,-0.0053191455,0.0323415771
-0.0586774386,-0.0457716063,-0.0336543992,-0.0188589599,-0.0030901246,-0.0584237762,-0.2058016062,0.0296104699,-0.0510967039,0.0119487122
-0.0550984628,0.0153190885,-0.0081594018,-0.0517878681,0.0334676132,-0.0064650960,0.0296778996,0.0192993972,0.0548044965,-0.0277615339
-0.0674760789,0.0288867988,-0.0491460748,-0.0013245890,-0.0318526775,0.0541155338,0.0381197147,-0.0434266552,0.0435971804,-0.0309758987
0.0356736220,-0.0449638963,-0.0970087275,0.0036009031,-0.0725264400,0.0261571538,0.0402824022,-0.0636430979,-0.0323964432,-0.0384644344
0.0535802878,0.0538808927,-0.0278271995,-0.0357995108,-0.0038184919,-0.0389039963,0.0238317382,-0.0667536557,0.0384315550,-0.0188519806
-0.0734313279,0.0218128506,-0.1230361164,-0.0769103393,0.0390799716,-0.0239390209,-0.0458358191,-0.0629899725,0.0316790566,0.0125539228
0.0299773477,0.0182228256,-0.0209855251,0.0078656180,0.0039576264,0.0522656627,0.0484734997,-0.0550285205,0.0166795719,-0.0590989217
-0.0527929999,-0.0515241325,0.0101377461,-0.0425820090,0.0773906037,0.0077484357,-0.0142540839,-0.0272738636,0.0769328326,0.0610110797
0.0290004071,0.0495444089,-0.0909701139,0.0025362615,-0.0866198465,-0.0740691200,-0.0455501117,-0.0097274315,0.0160737969,-0.0578426905
0.0813321844,-0.0462848507,-0.0557641722,-0.0296710245,-0.0232266597,0.0413615815,0.0225955192,-0.0517063066,0.0246251579,0.0384320207
0.0382271744,-0.0937450305,-0.0140657919,0.0282051787,-0.0475140214,0.0258870795,-0.0411068760,-0.0912223086,-0.0277084559,-0.0159983840
0.0646370947,-0.0303477570,0.0430787578,0.0320846252,-0.0314184651,-0.0098378090,-0.0325067937,0.0862342790,0.0463152491,0.0069081266
0.0342887342,0.0666281655,-0.0101016043,0.0575719066,-0.0361310951,0.0420595966,-0.0069450163,0.0184044521,-0.0086492654,0.0048557292
-0.0056332271,-0.0802958533,-0.0794057772,-0.0860884264,0.0266263355,-0.0331124775,0.0361452848,-0.0045689046,-0.0786013305,-0.0271902811
0.0524227172,0.0307671819,-0.0206169654,-0.0438646153,-0.0394420624,-0.0021899331,0.0274052527,-0.0047219628,0.0367861092,-0.0528589748
0.0500179641,-0.0192897394,0.0004440381,0.0536426939,0.0061550243,0.0508688167,0.0347989239,-0.0794133693,-0.0367017537,-0.0640818849
-0.0303309858,-0.0145180793,0.0558499545,-0.0136412438,-0.0219929852,0.0046960525,-0.0544704571,0.0442635678,-0.0479810536,-0.0331023894
-0.0359605700,-0.0582407862,-0.0640883297,-0.0495331883,0.0260434989,-0.0235997923,-0.0031176966,0.0322611816,0.0002260381,0.0259242207
0.0610313974,-0.0551082827,0.0276444759,0.0482420698,-0.0084200585,-0.0269749332,0.0400395691,-0.0127246408,-0.0329259373,0.0027334334
-0.0085424660,-0.1287054420,-0.0547624752,-0.0609986782,0.0289839283,-0.0211322140,0.0390630402,0.0109271817,-0.0116548259,-0.0317696072
-0.1050060317,-0.1063349620,-0.0919008479,-0.0511230417,0.0399492942,0.0098500270,0.0057766712,-0.0308847334,0.0614576302,0.0371607170
0.0140030170,0.0514321290,0.0076877382,-0.0697861090,0.0747475773,-0.1105382517,-0.0453430302,0.0459366404,0.0631079376,0.0213870741
0.0550919846,-0.0356315672,0.0218688920,0.0284609646,-0.0310298372,0.0057647089,-0.0465395488,-0.0485854708,0.0348568186,0.0111578014
-0.0207874514,0.0413270146,0.0415437706,0.0448517166,0.0306307133,0.0026870889,0.0459523499,-0.0124398302,-0.0320820473,-0.0657927096
-0.0005034573,0.0126166586,-0.0259294845,0.0255905185,0.0071941670,-0.0148549341,-0.0670086816,-0.0276089069,0.0577509254,0.0520888679
-0.1259146184,-0.0501776896,-0.0666535944,-0.0506784208,0.0447841026,0.0090900073,-0.0502005480,-0.0078509357,0.0619743429,-0.0037760485
0.0778146386,-0.0165876243,0.0202751029,-0.0003711210,-0.0151516208,0.0021573671,0.0109492308,-0.0076645617,0.0300323498,0.0649514347
0.0018806168,-0.0409937203,0.0557965748,-0.0105437879,0.0007480835,-0.0271093026,0.0058485172,-0.0217539910,0.0229260977,-0.1066954359
0.0290354956,-0.0705721304,0.0441937372,-0.0370418951,-0.0276024863,-0.0758635178,-0.0542959832,0.0314648263,0.0592295080,0.0095417583
0.0434404202,0.0617174171,0.0598200448,0.0386142246,-0.0788643658,0.0514982194,-0.0365357026,0.0472606644,-0.0159294959,0.0342667922
0.0375152938,-0.0401966758,-0.0555569008,0.0074329395,0.0442414284,-0.0690537021,0.0590464845,-0.0364629775,-0.0942214504,0.0403943285
-0.0500508286,0.0331816338,-0.0268213917,0.0468841419,0.0303003341,0.0531209223,-0.0714002401,0.0393511653,-0.0100284982,0.0446352996
0.0503879488,-0.1055707335,-0.0491467975,-0.0432580523,0.0080124503,-0.0092767365,0.0659535453,-0.0473747849,-0.0367498398,-0.0236625839
-0.0204846486,-0.0494054034,-0.0192879736,0.0231402572,-0.0916500837,0.0535098463,0.0546892360,-0.1042234823,0.0644470006,-0.0857015774
0.0069983304,-0.2426437885,-0.0547273830,-0.0494483598,-0.0328480154,-0.0755755678,-0.1518340856,-0.0421170257,-0.0730218664,-0.0419052020
-0.0637792349,-0.0445078723,-0.0479169935,-0.0521780066,0.0354656577,-0.0620335899,-0.0504393913,0.0482670553,0.0326119401,0.0500034019
0.0066091977,0.0492036864,0.0485633872,0.0396417268,0.0140663423,-0.0599833280,-0.0473204665,0.0241958629,0.0196651015,0.0367994569
0.0181039087,-0.0029908435,0.0230718460,-0.0309778415,-0.0772296563,-0.0355250984,0.0040844190,-0.0409846380,-0.0590724982,-0.0283622071
-0.0322854780,0.0290733874,0.0130339209,0.0574195422,0.0348033793,0.0576251708,-0.0866471007,-0.0105075985,0.0653255507,0.0318460315
0.0503043011,-0.0281314533,0.0243778117,0.0415922664,-0.0861939713,0.0426055156,-0.0320645794,0.0395720005,0.0150740314,-0.0118575934
-0.0227704067,0.0234406143,0.0176331680,0.0495917834,-0.0703195781,0.0443682410,0.0087082470,-0.0057337130,0.0330305770,-0.0482676774
0.0226435512,-0.1175354868,0.0623501837,0.0086757075,-0.0562316254,-0.0066396380,-0.0697746873,0.0356639624,0.0202897191,0.0146969426
0.0042347768,0.0230707601,-0.0457801856,0.0299177077,0.0074329856,0.0054936372,-0.0695525110,0.0278258584,-0.0163726211,0.0245372355
-0.0526606292,-0.0489248112,0.0548237227,0.0651338398,-0.0482148714,-0.0226243827,-0.0435833037,0.0017203782,0.0412951075,-0.0595248863
-0.0154342987,-0.0619324967,-0.0802956372,-0.0098869754,0.0721229985,-0.0683700889,0.0987519696,0.0106062116,0.0560021996,-0.0176759064
-0.1185458004,-0.0633196905,-0.0535753407,-0.0156919453,0.0129890935,0.0203788877,-0.2105530500,0.0196240544,-0.0127272233,0.0435354151
0.0566228591,0.0485014208,0.0294403173,-0.0326887444,0.0058199698,-0.0344335921,-0.0311236586,-0.0177561529,-0.0229998361,0.0230727792
-0.1189805567,0.0200179536,0.0274017155,-0.0291220322,0.0367638804,-0.0848266184,-0.0350449719,0.0049879099,-0.0218497477,0.0407224931
0.0658983514,0.0105200578,0.0263560731,-0.0496963225,0.0196273122,-0.0019425035,0.0374382250,-0.0482030250,0.0205431152,-0.0269144829
-0.0352965370,-0.0391890109,0.0112422965,0.0358146913,-0.0433302931,-0.0542259999,-0.0979107991,0.0179988164,-0.0177774876,0.0206588767
-0.0551192090,0.0212723911,-0.0425863825,-0.0157076940,0.0140670761,0.0444689393,0.0212867800,-0.0909604579,0.0059357472,-0.0316173546
0.0474375375,0.0251789782,0.0256479662,-0.0111273145,-0.0034580450,-0.0054451977,-0.0120489812,0.0384032242,-0.0025584418,-0.0484853126
0.0152925765,-0.1185341775,-0.0735930726,-0.0715454295,-0.0115621267,-0.0407809094,0.0995374471,-0.0145263281,-0.0333490409,-0.0404025055
-0.0387734324,0.0073741302,-0.0175933614,0.0282206275,-0.0249499250,0.0312472451,0.0237184037,-0.0551584512,0.0253898930,-0.0550534502
-0.0522107333,0.0248375796,0.0249428358,-0.0312325396,0.0474082381,-0.0535229966,-0.0919066966,-0.0180796329,-0.0091703637,0.0333884060
-0.0528989024,0.0000229463,-0.0357329622,-0.0240289029,0.0600115582,-0.0422929525,-0.0623230487,-0.0443344191,-0.0536509119,0.0412999205
-0.0771742314,-0.0254963338,0.0359018743,0.0189783555,-0.0594773255,-0.0530922078,-0.0195845049,-0.0342555158,0.0081980610,-0.0477848537
-0.0554095358,-0.0302414298,0.0060899430,-0.0037600666,0.0186225120,-0.0797524303,-0.0529319458,-0.0014229497,0.0626885891,0.0563538335
-0.0136165069,0.0518837646,0.0460882373,0.0265208911,-0.0713416412,0.0302027594,0.0045444793,-0.0231849682,-0.0321156122,-0.0439423919
-0.0282273609,0.0436212309,-0.0058701830,0.0240385048,0.0052594314,-0.0194452461,-0.1724569350,0.0598688424,-0.0070617660,0.0500077643
-0.0203436706,-0.0164438505,-0.0199551955,0.0033044866,-0.0305170771,-0.0061419434,-0.0938930809,0.0450866781,-0.0056706276,-0.0120771471
0.0650069565,-0.0061705867,-0.0202607810,-0.0275480021,-0.0832678378,0.0044389954,-0.0315875560,-0.0879865587,0.0400582105,0.0033837790
0.0457141846,-0.0536625236,-0.0133480411,-0.0120316595,0.0277133230,0.0277624447,0.0269563273,0.0420497097,0.0421672501,-0.0185798742
-0.0428269990,0.0545965210,0.0229703821,0.0114688138,-0.0302487165,0.0175584722,-0.0466647595,0.0090001170,-0.0297543015,0.0099071097
-0.0598700158,0.0312394556,0.0386012793,0.0294034388,-0.0208227113,-0.0678363889,-0.0464443080,0.0218511838,-0.0171020757,-0.0277441870
0.0346781090,0.0410143025,0.0453062840,0.0277558435,-0.0831519142,-0.0059835552,-0.0447183065,0.0329990089,0.0263298992,-0.0392053835
0.0063713449,-0.2208180428,-0.0406919383,0.0023976231,0.0272369813,-0.0828359872,-0.1231405586,-0.0057317670,0.0689563826,0.0423513316
-0.0923696309,-0.0277433936,-0.0020455047,0.0372202545,0.0420305803,0.0326789543,-0.1211888120,0.0105052507,-0.0238033738,0.0521323010
-0.0269323178,0.0129439114,0.0666947663,0.0550675355,-0.0098454664,-0.0317652486,-0.0091838306,0.0437090285,0.0450524502,-0.0880144313
0.0440796092,-0.1498652101,-0.0109891873,0.0135155478,-0.0475619771,-0.0046832445,-0.0408480205,-0.0300451405,0.0029836679,0.0435788706
0.0136020081,0.0353434756,0.0498810560,-0.0424258783,0.0263479128,-0.0795870498,0.0198779795,-0.0152010610,-0.0058965581,-0.0449786559
-0.0812278166,-0.0772773102,-0.0256528128,0.0279325880,-0.1230897829,-0.0818291605,-0.1032710150,-0.0323549844,-0.0214182436,-0.0188790821
-0.0795417801,0.0466945060,0.0549819320,0.0395307355,0.0220769960,-0.0118873660,0.0376030505,0.0357889794,-0.0258466620,-0.0645248741
0.0225860551,-0.0183409732,-0.0109319398,-0.0453838855,0.0073093432,0.0026286147,0.0452625416,-0.0136101823,0.0765219182,-0.0785786286
-0.0433014147,0.0526654348,-0.0501152687,-0.0055893287,0.0476002432,0.0014881568,-0.0311721135,0.0269021001,-0.0482245274,0.0059091831
-0.0387008525,-0.0432761051,0.0416943170,0.0166471470,-0.0024775187,-0.0297012124,0.0013348615,0.0182972085,0.0357376710,-0.0226247143
-0.0222132634,-0.0415999927,-0.0415203907,0.0435415357,-0.0281808861,0.0600844063,-0.0193536095,-0.0322632939,0.0511144847,0.0304210335
0.0448615029,-0.1023825184,0.0171489362,-0.0209112968,-0.0042658518,0.0583166219,0.0350950658,-0.0226069409,0.0228481553,0.0623064488
0.0525027066,0.0141857313,-0.0152767552,-0.0695460886,-0.0297274292,0.0058260616,0.0303934142,-0.0046977070,0.0016268288,-0.0835289732
-0.0271893330,0.0412480272,-0.0471739545,0.0000298397,-0.0105320495,0.0205570851,-0.0021448345,0.0205716677,0.0010942573,-0.0324749127
0.0096031772,0.0362890661,0.0069714929,-0.0105175739,0.0465346128,0.0031151862,0.0419831760,-0.0935566872,0.0142068369,-0.0158216059
0.0005316228,0.0026296380,-0.0350466743,-0.0077686268,-0.0214820877,-0.0737121180,0.0154495519,0.0389347784,-0.0426550657,0.0615226552
0.0881959498,0.0014189022,-0.0137542393,-0.0283786710,-0.0611517690,-0.0231216010,0.0627280027,0.0409181006,0.0675461665,-0.0066512306
-0.1021986380,0.0781923383,0.0168530848,0.0108788870,0.0448029637,-0.0191562641,-0.0138940765,0.0665141717,-0.0095039895,0.0614429191
0.0561119579,0.0151081933,-0.0040318696,-0.0278730188,0.0444563217,-0.0832766294,-0.0125706019,-0.0011377924,0.0644747689,0.0337496474
0.0048834556,0.0643600672,-0.0748324022,0.0079421429,-0.0016839701,-0.0610560291,-0.0681571141,0.0380688645,0.0420632735,0.0317194499
0.0170844644,-0.0396379046,0.0378567725,0.0454331748,-0.0527595952,0.0269013718,-0.0508957393,0.0354143158,0.0097948918,0.0243285634
-0.0740939751,0.0012667670,-0.0620100051,-0.0047328155,0.0558517762,0.0029735779,-0.1101733521,0.0322948098,0.0106533151,0.0361950323
0.0340255760,0.0316105932,-0.0052575967,-0.0196138825,-0.0774255544,0.0426115468,0.0378970392,-0.0819536150,0.0147725446,-0.0696743801
-0.0664694607,-0.0153744593,0.0248299055,-0.0196853057,-0.0303541850,-0.0098353019,-0.0183131248,-0.0448831171,0.0441554561,-0.0500397161
-0.0287036840,0.0474280342,0.0269501135,-0.0263667647,-0.0195809714,-0.0086410362,-0.0466306955,0.0400757417,-0.0285184868,-0.0472817272
-0.0547601394,0.0063161640,-0.0818683133,0.0260549001,-0.0197701827,-0.0397878550,-0.1245394647,0.0406196080,-0.0594137125,0.0039421399
0.0255992487,0.0104299057,0.0128574530,-0.0059745954,0.0079910243,-0.0840210915,-0.0489851348,0.0275250990,0.0033564616,-0.0148518169
-0.0544599667,0.0075504021,0.0421241894,0.0620698109,0.0130438115,0.0069671050,-0.0519626737,0.0469320714,0.0319283083,-0.0446912013
-0.0658862665,-0.0619334951,0.0333664529,-0.0448732004,-0.0169041250,-0.0969442204,-0.0478413515,-0.0188892428,0.0398187228,-0.0278304573
-0.0155677041,0.0551963784,0.0303124189,0.0459032953,-0.0295244101,0.0493924171,-0.0483130589,0.0091350153,-0.0139841018,0.0288281292
-0.0758048669,0.0411404744,0.0365280136,0.0390069000,0.0419674702,-0.0145590939,0.0237243641,0.0179171488,0.0003433645,-0.0357943289
0.0693432987,-0.0717452168,-0.0210114904,-0.0243642963,-0.0059200558,0.0004785390,0.0296695530,0.0684747025,-0.0600482486,0.0068285502
-0.1053337827,-0.0340611413,-0.0039850995,0.0492988415,0.0106439730,0.0183825083,-0.1004697159,0.0193784665,-0.0343437307,0.0236928537
-0.0437266417,0.0118774241,0.0497443825,-0.0416934974,-0.0724770203,-0.0648213699,0.0077356421,-0.0013935205,0.0252518319,0.0108643854
0.0029647858,0.0007759255,-0.0403204188,-0.0391138345,0.0113413045,0.0512805097,0.0644099042,-0.0833925158,0.0063621826,0.0632707551
-0.0161802638,-0.0562117659,-0.0346817374,0.0027205278,0.0419456363,0.0037083556,0.0271932278,0.0629841760,-0.0583195761,-0.0017541702
-0.0503442474,-0.0097723920,-0.0386598036,-0.0458365008,0.0060191257,0.0292025600,0.0321466066,-0.0281537939,0.0310981907,0.0099862805
0.0193327200,-0.0854240656,0.0658540949,-0.0033772646,0.0514813624,0.0138890659,0.0562791452,-0.0568209551,-0.0755445510,0.0441506319
0.1006921455,-0.1159648597,-0.0074387859,0.0420077443,-0.0932775587,0.0427975506,0.0329492427,-0.0645763651,0.0258333348,-0.0214008000
0.0290221423,0.0024396013,-0.0137298061,0.0471930951,-0.0308739971,-0.0508000553,0.0663435236,-0.0739801154,0.0517838560,0.0572316535
0.0116609996,0.0331353769,0.0641894117,0.0118659902,-0.0140430974,-0.0124372030,0.0141250128,0.0190626681,0.0071610236,-0.0436355062
0.0460043661,-0.0407161042,-0.0111657083,0.0096627316,-0.0377074778,0.0470265225,0.0305597503,-0.0767782182,0.0058214176,-0.0018631661
0.0426233709,-0.0591248423,0.0225946233,-0.0778500214,0.0565272085,-0.0344390795,0.0136039713,-0.0096451063,-0.0584544577,0.1017189994
-0.0518906303,-0.0857593119,-0.0670758262,-0.0109874094,-0.1066353172,0.0225809403,-0.0057893372,-0.1077485532,0.0281046629,-0.0369561724
-0.0200013723,-0.0279870871,-0.0192203205,0.0446423069,-0.0168155581,0.0405282676,-0.0460290201,-0.0399047658,0.0167873800,0.0278599858
-0.0218694918,-0.1336223781,-0.0408637933,0.0014283040,-0.0047598588,-0.0298322570,-0.0409635678,-0.0191830136,0.0640009046,0.0381654054
